609	1551.45
610	1548.81
611	1546.34	$8_1R&	$8_1F&
612	1543.88
613	1541.41
614	1539.50	$8_1G&
615	1538.00	$8_1E&
616	1536.56	$8_2T&
617	1535.46
618	1534.28
619	1533.76
620	1534.46
621	1537.20
622	1541.91
623	1548.30
624	1556.48	$8_2S&
625	1564.93
626	1572.72
627	1582.21
628	1590.92
629	1600.08
630	1608.16
631	1616.47
632	1625.01
633	1633.28
634	1642.17
635	1650.51
636	1658.22
637	1665.07
638	1671.34
639	1678.64
640	1685.20
641	1691.77
642	1697.70
643	1703.68
644	1709.20
645	1714.75
646	1719.03
647	1721.85
648	1722.34
649	1720.92
650	1718.31
651	1714.48
652	1710.50
653	1706.57
654	1702.02
655	1698.70
656	1695.06
657	1691.78
658	1688.05
659	1683.44
660	1679.41
661	1675.92
662	1672.93
663	1668.94
664	1665.93
665	1662.60
666	1659.79
667	1657.31
668	1654.62
669	1652.03
670	1649.04
671	1645.35
672	1641.23
673	1636.61
674	1633.60
675	1629.84
676	1625.60
677	1622.58
678	1619.34
679	1617.29
680	1615.49
681	1613.32
682	1611.94
683	1610.60
684	1608.37
685	1604.78
686	1601.49
687	1598.08
688	1594.18
689	1591.05
690	1587.96
691	1585.41
692	1582.52
693	1579.31
694	1575.82
695	1572.96
696	1569.60
697	1566.22
698	1563.14
699	1561.30
700	1559.25
701	1558.09
702	1556.32
703	1554.64
704	1553.12
705	1551.71
706	1551.74
707	1552.74	$8_2R&
708	1555.56	$8_2F&
709	1561.04
710	1567.43
711	1575.06	$8_2G&
712	1584.58	$8_2E&
713	1593.85	$8_3T&
714	1603.32
715	1612.46
716	1621.91
717	1630.87
718	1639.70
719	1648.31
720	1657.05	$8_3S&
721	1664.92
722	1672.75
723	1680.10
724	1685.56
725	1692.46
726	1698.74
727	1704.71
728	1710.10
729	1715.40
730	1720.13
731	1724.64
732	1728.74
733	1733.13
734	1736.71
735	1741.03
736	1743.92
737	1745.35
738	1745.83
739	1745.29
740	1743.99
741	1741.81
742	1740.23
743	1738.39
744	1736.24
745	1733.65
746	1729.82
747	1725.52
748	1722.13
749	1718.02
750	1714.03
751	1708.88
752	1704.41
753	1700.84
754	1696.14
755	1692.27
756	1688.22
757	1682.95
758	1678.40
759	1673.30
760	1668.74
761	1664.50
762	1659.55
763	1655.00
764	1650.47
765	1646.65	$8_3R&	$8_3F&
766	1642.79
767	1639.11
768	1635.93
769	1632.36	$8_3G&
770	1629.05	$8_3E&
771	1625.06	$8_4T&
772	1620.65
773	1617.11
774	1613.33
775	1609.75
776	1606.46
777	1601.95
778	1597.69
779	1592.53	$8_4S&
780	1587.88
781	1582.56
782	1577.88
783	1573.58
784	1568.63
785	1564.36
786	1560.89
787	1557.73
788	1554.28
789	1550.83
790	1547.50
791	1544.48
792	1541.86
793	1538.96
794	1536.57
795	1533.33
796	1530.42
797	1527.58
798	1526.06
799	1525.28
800	1525.68
801	1527.14
802	1529.95
803	1534.83
804	1541.35
805	1548.53
806	1556.21
807	1564.14
808	1572.00
809	1579.92
810	1588.44
811	1595.52
812	1603.48
813	1612.25
814	1620.36
815	1627.63
816	1635.52
817	1641.86
818	1648.90
819	1655.92
820	1662.88
821	1669.36
822	1675.22
823	1679.90
824	1684.25
825	1687.88
826	1691.49
827	1695.34
828	1699.12
829	1703.10
830	1707.06
831	1710.36
832	1711.51
833	1711.01
834	1710.74
835	1709.62
836	1707.50
837	1705.98
838	1703.70
839	1700.61
840	1697.67
841	1693.93
842	1690.62
843	1686.30
844	1681.89
845	1676.57
846	1671.06
847	1664.65
848	1659.32
849	1653.94
850	1649.30
851	1645.02
852	1639.90
853	1634.56
854	1630.69
855	1626.33
856	1621.55
857	1616.84
858	1611.75
859	1607.50
860	1603.12
861	1598.68
862	1594.65
863	1590.72
864	1586.48
865	1581.52
866	1576.51
867	1571.74
868	1567.25
869	1563.32
870	1557.79
871	1553.71
872	1550.78
873	1547.29
874	1543.71
875	1540.42
876	1537.70
877	1535.12
878	1532.56
879	1530.19
880	1528.42
881	1526.48
882	1524.95
883	1523.36
884	1521.91
885	1520.00
886	1518.87
887	1518.51
888	1519.87
889	1523.10
890	1528.40
891	1535.17
892	1542.88
893	1551.24
894	1561.11
895	1570.91
896	1581.69
897	1591.83
898	1601.57
899	1611.27
900	1620.15
901	1628.49
902	1636.48
903	1644.06
904	1651.61
905	1659.09
906	1666.30
907	1673.19
908	1679.34
909	1685.07
910	1690.63
911	1695.10
912	1699.43
913	1703.02
914	1706.36
915	1710.72
916	1714.54
917	1717.56
918	1720.68
919	1722.72
920	1723.61
921	1723.53
922	1723.04
923	1720.74
924	1718.02
925	1715.13
926	1711.02
927	1707.61
928	1705.31
929	1702.97
930	1700.42
931	1697.15
932	1693.55
933	1688.78
934	1685.25
935	1680.26
936	1676.15
937	1672.15
938	1668.53
939	1664.76
940	1661.20
941	1659.11
942	1657.12
943	1655.04
944	1652.66
945	1650.68
946	1648.43
947	1646.49
948	1645.07
949	1642.30
950	1640.42
951	1639.15
952	1637.41
953	1634.02
954	1630.89
955	1627.13
956	1622.38
957	1618.24
958	1613.87
959	1611.34
960	1607.63
961	1603.95
962	1600.10
963	1595.74
964	1593.08
965	1589.04
966	1584.88
967	1580.49
968	1576.10
969	1571.91
970	1566.58
971	1561.64
972	1556.87
973	1551.85
974	1547.14
975	1542.57
976	1537.76
977	1532.92
978	1528.69
979	1525.23
980	1522.19
981	1518.90
982	1515.72
983	1513.98
984	1512.04
985	1511.23
986	1512.70
987	1515.42
988	1520.40
989	1526.64
990	1533.34
991	1541.49
992	1550.25
993	1559.00
994	1568.77
995	1577.97
996	1587.55
997	1597.39
998	1605.72
999	1613.17
0	1620.35
1	1626.84
2	1632.65
3	1639.18
4	1645.40
5	1651.81
6	1657.92
7	1663.07
8	1668.24
9	1672.29
10	1676.12
11	1680.72
12	1684.65
13	1688.68
14	1692.57
15	1696.61
16	1699.89
17	1704.00
18	1707.85
19	1710.48
20	1713.02
21	1715.03
22	1716.77
23	1718.36
24	1719.54
25	1720.19
26	1720.92
27	1721.68
28	1722.58
29	1722.29
30	1722.47
31	1720.66
32	1717.71
33	1716.28
34	1714.23
35	1711.89
36	1708.69
37	1705.94
38	1702.89
39	1699.72
40	1696.36
41	1692.35
42	1688.67
43	1684.91
44	1680.88
45	1677.03
46	1673.40
47	1669.33
48	1665.59
49	1662.56
50	1660.59
51	1658.91
52	1657.39
53	1656.06
54	1654.51
55	1653.55
56	1652.26
57	1651.36
58	1650.12
59	1648.52
60	1646.86
61	1644.31
62	1641.64
63	1639.49
64	1637.39
65	1634.58
66	1631.31
67	1627.67
68	1624.84
69	1622.81
70	1621.60
71	1620.59
72	1618.90
73	1617.27
74	1616.20
75	1614.28
76	1612.60
77	1610.69
78	1608.84
79	1607.60
80	1606.06
81	1604.89
82	1602.98
83	1600.59
84	1598.14
85	1595.77
86	1593.34
87	1590.76
88	1588.50
89	1585.61
90	1583.55
91	1581.16
92	1578.24
93	1575.50	$8_4R&	$8_4F&
94	1571.75
95	1568.19
96	1565.37
97	1563.43	$8_4G&	$8_4E&
98	1561.69	$8_5T&
99	1559.36
100	1557.75
101	1556.25
102	1554.00
103	1550.73
104	1548.02
105	1545.43
106	1541.61	$8_5S&
107	1537.78
108	1535.09
109	1531.19
110	1527.79
111	1525.10
112	1524.02
113	1525.22
114	1530.20
115	1536.17
116	1543.54
117	1551.77
118	1560.41
119	1569.63
120	1578.99
121	1588.70
122	1598.28
123	1607.78
124	1616.81
125	1624.96
126	1632.42
127	1639.16
128	1644.72
129	1650.73
130	1655.91
131	1661.03
132	1665.38
133	1669.44
134	1674.12
135	1677.86
136	1682.65
137	1687.59
138	1692.13
139	1696.91
140	1701.15
141	1705.39
142	1708.47
143	1712.48
144	1715.31
145	1717.82
146	1719.99
147	1720.36
148	1719.41
149	1718.35
150	1715.98
151	1713.03
152	1709.31
153	1706.32
154	1703.47
155	1699.67
156	1696.90
157	1693.41
158	1689.68
159	1686.01
160	1681.36
161	1677.49
162	1674.07
163	1670.64
164	1667.83
165	1664.80
166	1661.89
167	1659.00
168	1655.49
169	1651.91
170	1647.79
171	1643.09
172	1638.99
173	1634.36
174	1629.41
175	1624.30
176	1619.77
177	1615.99
178	1612.56
179	1609.04
180	1605.40
181	1601.53
182	1597.34
183	1593.17
184	1587.62
185	1582.82
186	1578.06
187	1573.93
188	1570.48
189	1566.62
190	1562.89
191	1559.16
192	1555.37
193	1550.98
194	1546.44
195	1541.76
196	1536.84
197	1531.80
198	1527.19
199	1523.18
200	1519.35
201	1516.40
202	1513.41
203	1510.34
204	1507.09
205	1504.68
206	1501.54
207	1498.35
208	1496.30
209	1495.28
210	1494.18
211	1494.24
212	1496.04
213	1500.69
214	1506.09
215	1512.00
216	1518.85
217	1526.84
218	1535.96
219	1546.24
220	1557.73	$8_5R&	$8_5F&
221	1570.08
222	1581.74
223	1593.67	$8_5G&
224	1604.41
225	1615.41	$8_5E&
226	1625.45	$8_6T&
227	1634.07
228	1642.43
229	1650.56
230	1659.24
231	1667.08
232	1674.45
233	1681.27	$8_6S&
234	1687.87
235	1693.19
236	1698.58
237	1703.29
238	1707.35
239	1710.78
240	1714.19
241	1717.19
242	1721.07
243	1725.17
244	1728.61
245	1732.29
246	1735.60
247	1737.62
248	1738.77
249	1739.40
250	1738.75
251	1737.38
252	1735.48
253	1732.64
254	1729.46
255	1726.34
256	1722.31
257	1717.31
258	1712.37
259	1707.40
260	1701.96
261	1695.90
262	1691.21
263	1686.32
264	1681.58
265	1677.57
266	1674.03
267	1670.68
268	1666.55
269	1662.79
270	1659.21
271	1656.46
272	1653.38
273	1650.81
274	1648.52
275	1646.34
276	1643.78
277	1640.50
278	1637.08
279	1634.05
280	1629.99
281	1625.26
282	1620.40
283	1615.91
284	1611.57
285	1607.59
286	1603.89
287	1599.63
288	1596.34
289	1592.31
290	1589.06
291	1586.27
292	1583.35
293	1580.12
294	1576.64
295	1572.68
296	1569.24
297	1565.04
298	1560.53
299	1556.25
300	1551.55
301	1546.52
302	1541.12
303	1536.93
304	1532.31
305	1528.13
306	1524.06
307	1520.54
308	1517.16
309	1514.65
310	1513.17
311	1512.02
312	1509.43
313	1507.09
314	1505.88
315	1504.58
316	1503.29
317	1502.58
318	1501.08
319	1499.71
320	1498.80
321	1498.53
322	1500.42
323	1503.44
324	1508.65
325	1513.73
326	1519.62
327	1526.26
328	1533.08
329	1541.62
330	1550.50
331	1559.50
332	1569.29
333	1578.65
334	1587.62
335	1596.32
336	1605.08
337	1613.39
338	1622.03
339	1629.92
340	1637.64
341	1644.64
342	1651.53
343	1658.23
344	1664.06
345	1670.26
346	1676.37	$8_6R&
347	1682.76	$8_6F&
348	1688.83
349	1694.44
350	1699.36	$8_6G&
351	1704.75	$8_6E&
352	1709.60
353	1714.37	$8_7T&
354	1719.08
355	1723.44
356	1726.56
357	1728.09
358	1729.56
359	1728.92
360	1726.50	$8_7S&
361	1723.17
362	1719.79
363	1715.96
364	1711.49
365	1706.38
366	1701.19
367	1696.11
368	1691.27
369	1686.75
370	1682.86
371	1678.99
372	1675.16
373	1670.72
374	1667.21
375	1664.61
376	1660.60
377	1656.29
378	1652.97
379	1649.08
380	1645.58
381	1642.48
382	1638.35
383	1633.68
384	1629.05
385	1624.99
386	1620.53
387	1616.43
388	1612.69
389	1608.91
390	1605.98
391	1602.34
392	1599.39
393	1595.76
394	1592.17
395	1588.16
396	1584.39
397	1580.57
398	1576.29
399	1572.70
400	1568.42
401	1564.97
402	1560.17
403	1555.74
404	1552.25
405	1547.41
406	1543.47
407	1539.07
408	1534.90
409	1530.98
410	1528.28
411	1525.67
412	1522.65
413	1520.11
414	1517.44
415	1515.54
416	1513.35
417	1511.42
418	1509.53
419	1507.58
420	1505.47
421	1503.25
422	1502.08
423	1501.55
424	1502.52
425	1502.79
426	1504.13
427	1506.76
428	1511.24
429	1517.02
430	1523.89
431	1531.09
432	1539.25
433	1548.27
434	1557.90
435	1567.36
436	1577.88
437	1588.04
438	1597.51
439	1606.99
440	1615.79
441	1624.18
442	1632.05
443	1638.57
444	1645.82
445	1652.18
446	1658.19
447	1663.69
448	1669.33
449	1674.65
450	1679.83
451	1683.72
452	1687.72
453	1691.67
454	1695.64
455	1699.69
456	1704.10
457	1707.98
458	1710.28
459	1711.64
460	1711.67
461	1710.76
462	1709.35
463	1708.49
464	1706.43
465	1704.07
466	1699.29
467	1695.91
468	1691.49
469	1686.00
470	1679.88
471	1673.47
472	1665.98
473	1658.49
474	1651.07
475	1643.65	$8_7R&	$8_7F&
476	1635.81
477	1627.95
478	1621.01	$8_7G&
479	1613.10	$8_7E&
480	1605.34
481	1598.06	$8_8T&
482	1591.17
483	1582.55
484	1574.30
485	1566.87
486	1560.01
487	1554.48
488	1548.55	$8_8S&
489	1544.17
490	1539.35
491	1534.67
492	1530.30
493	1525.48
494	1520.00
495	1514.75
496	1512.27
497	1507.94
498	1504.21
499	1501.51
500	1499.26
501	1497.54
502	1496.01
503	1496.79
504	1497.24
505	1497.62
506	1497.56
507	1498.95
508	1501.22
509	1504.63
510	1508.75
511	1514.52
512	1521.22
513	1529.28
514	1536.64
515	1545.34
516	1555.16
517	1564.25
518	1573.46
519	1583.61
520	1592.88
521	1602.12
522	1611.19
523	1620.19
524	1628.22
525	1636.46
526	1644.35
527	1650.61
528	1657.96
529	1665.07
530	1671.57
531	1677.38
532	1682.53
533	1687.69
534	1693.04
535	1697.80
536	1702.36
537	1706.43
538	1710.09
539	1712.55
540	1715.02
541	1716.51
542	1716.88
543	1717.86
544	1717.15
545	1715.90
546	1713.96
547	1711.48
548	1708.57
549	1705.08
550	1702.48
551	1698.32
552	1694.60
553	1691.49
554	1688.40
555	1684.77
556	1680.76
557	1676.55
558	1672.14
559	1666.19
560	1660.73
561	1655.12
562	1650.88
563	1646.07
564	1641.87
565	1637.63
566	1634.42
567	1631.35
568	1628.60
569	1625.85
570	1623.24
571	1619.84
572	1616.11
573	1613.27
574	1610.56
575	1607.03
576	1603.00
577	1598.74
578	1594.26
579	1589.39
580	1584.69
581	1580.45
582	1576.29
583	1572.41
584	1568.81
585	1565.09
586	1562.11
587	1558.46
588	1555.97
589	1552.51
590	1549.81
591	1547.22
592	1544.72
593	1542.40
594	1540.39
595	1538.13
596	1535.02
597	1531.95
598	1528.86
599	1526.28
600	1523.69
601	1521.03
602	1518.82
603	1517.05
604	1516.21
605	1515.15
606	1515.03
607	1515.40
608	1517.45
609	1521.10
610	1525.48
611	1531.18
612	1537.72
613	1545.30
614	1553.15
615	1561.04
616	1569.04
617	1577.34
618	1585.70
619	1594.98
620	1603.41
621	1612.10
622	1620.06
623	1628.12
624	1635.78
625	1642.46
626	1649.17
627	1655.13
628	1661.80
629	1667.84
630	1674.19
631	1680.86
632	1687.33
633	1692.73
634	1698.16
635	1702.46
636	1707.22
637	1710.94
638	1714.46
639	1716.79
640	1717.21
641	1716.62
642	1714.67
643	1712.38
644	1709.24
645	1705.72
646	1702.75
647	1699.43
648	1695.10
649	1690.76
650	1686.71
651	1682.39
652	1677.85
653	1674.01
654	1670.31
655	1666.45
656	1662.03
657	1658.08
658	1653.72
659	1649.84
660	1645.63
661	1640.51
662	1635.39
663	1629.31	$8_8R&
664	1622.52	$8_8F&
665	1615.56
666	1609.64
667	1603.01	$8_8G&
668	1596.49	$8_8E&
669	1590.29	$8_9T&
670	1584.07
671	1577.69
672	1571.66
673	1565.51
674	1559.40
675	1553.56
676	1548.97
677	1544.84	$8_9S&
678	1541.42
679	1536.44
680	1531.43
681	1526.91
682	1523.50
683	1520.55
684	1517.28
685	1515.20
686	1512.21
687	1509.74
688	1507.94
689	1506.10
690	1506.40
691	1508.92
692	1513.69
693	1519.76
694	1526.52
695	1535.00
696	1544.23
697	1553.40
698	1563.35
699	1574.17
700	1584.31
701	1594.74
702	1604.65
703	1614.26
704	1622.59
705	1630.17
706	1637.85
707	1645.46
708	1651.99
709	1658.34
710	1664.36
711	1670.03
712	1675.25
713	1680.23
714	1685.22
715	1690.73
716	1696.10
717	1701.51
718	1706.68
719	1712.01
720	1716.67
721	1720.77
722	1724.53
723	1726.88
724	1727.83
725	1727.14
726	1726.00
727	1724.25
728	1721.34
729	1717.36
730	1714.12
731	1709.92
732	1707.09
733	1703.47
734	1699.20
735	1694.93
736	1690.98
737	1687.20
738	1682.69
739	1679.41
740	1675.19
741	1671.32
742	1667.28
743	1663.67
744	1660.07
745	1655.41
746	1650.42
747	1645.72
748	1640.54
749	1635.69
750	1631.45
751	1626.85
752	1622.88
753	1618.92
754	1615.92
755	1612.60
756	1609.25
757	1605.53
758	1601.71
759	1598.48
760	1595.47
761	1592.76
762	1589.66
763	1586.13
764	1582.39
765	1578.34
766	1575.28
767	1570.89
768	1566.69
769	1562.03
770	1557.36
771	1553.37
772	1548.61
773	1544.74
774	1540.91
775	1538.20
776	1535.95
777	1533.52
778	1531.24
779	1528.45
780	1525.83
781	1524.09
782	1521.76
783	1519.63
784	1517.85
785	1517.09
786	1516.08
787	1515.44
788	1515.95
789	1516.44
790	1518.40
791	1521.45
792	1525.46
793	1531.45
794	1538.57
795	1545.55
796	1553.77
797	1562.69
798	1570.92
799	1577.95
800	1584.78
801	1593.05
802	1601.78
803	1610.41
804	1618.89
805	1628.07
806	1636.83
807	1645.87
808	1654.45
809	1662.74
810	1670.37
811	1676.89
812	1683.09
813	1688.30
814	1692.92
815	1697.23
816	1701.74
817	1706.20
818	1709.63
819	1713.11
820	1715.50
821	1717.10
822	1717.76
823	1717.08
824	1715.71
825	1713.74
826	1710.73
827	1707.48
828	1703.48
829	1700.63
830	1697.48
831	1693.96
832	1689.81
833	1685.13
834	1680.37
835	1675.84
836	1670.43
837	1664.93
838	1659.12
839	1654.07
840	1650.15
841	1645.92
842	1642.06
843	1638.26
844	1633.91
845	1629.20
846	1625.48
847	1622.73
848	1619.97
849	1616.63
850	1613.15
851	1609.19
852	1604.33
853	1599.80
854	1595.25
855	1589.61
856	1584.33
857	1579.36
858	1574.87
859	1570.56
860	1565.68
861	1560.47
862	1555.80
863	1552.01
864	1548.54
865	1545.01
866	1542.03
867	1539.87
868	1537.77
869	1535.13
870	1532.15
871	1528.99
872	1526.32
873	1524.71
874	1522.94
875	1521.60
876	1520.41
877	1518.71
878	1517.69
879	1516.36
880	1516.41
881	1517.38
882	1520.94
883	1526.35
884	1533.26
885	1539.77
886	1547.16
887	1555.21
888	1564.14
889	1573.59
890	1583.67
891	1592.93
892	1602.29
893	1611.67
894	1621.59
895	1630.90
896	1639.35
897	1647.76
898	1654.87
899	1661.45
900	1667.25
901	1672.37
902	1677.92
903	1682.83
904	1687.55
905	1693.42
906	1698.67
907	1703.87
908	1708.86
909	1713.21
910	1716.42
911	1718.07
912	1718.80
913	1717.96
914	1714.92
915	1711.48
916	1707.77
917	1703.86
918	1699.64
919	1694.30
920	1688.89
921	1683.08
922	1676.24
923	1670.16
924	1663.79
925	1657.70
926	1651.38
927	1646.43
928	1642.09
929	1637.12
930	1633.04
931	1628.06
932	1623.43
933	1619.34
934	1615.60
935	1611.89
936	1607.88
937	1603.64
938	1599.47
939	1595.69
940	1591.03
941	1587.40
942	1583.09
943	1578.59
944	1574.36
945	1569.81
946	1565.36
947	1561.47
948	1557.24
949	1553.20
950	1549.94
951	1546.95
952	1544.20
953	1541.93
954	1539.50
955	1536.73
956	1533.64
957	1530.84
958	1529.11
959	1526.84
960	1525.16
961	1522.93
962	1521.15
963	1518.95
964	1516.28
965	1514.95
966	1514.05
967	1515.79
968	1518.74
969	1522.50
970	1527.85
971	1534.47
972	1541.25
973	1549.18
974	1557.44
975	1566.07
976	1575.12
977	1584.72
978	1594.43
979	1604.70
980	1613.82
981	1623.09
982	1631.84
983	1640.42
984	1649.04
985	1656.61
986	1663.91
987	1670.17
988	1676.27
989	1682.14
990	1688.15
991	1692.84
992	1697.48
993	1702.47
994	1707.45
995	1712.24
996	1716.02
997	1719.55
998	1722.27
999	1724.35
0	1724.44
1	1723.87
2	1722.29
3	1720.28
4	1717.88
5	1715.35
6	1711.60
7	1707.26
8	1703.19
9	1698.55
10	1692.61
11	1686.72
12	1681.67
13	1676.48
14	1671.20
15	1666.23
16	1661.20
17	1657.63
18	1652.93
19	1648.27
20	1644.57
21	1639.91
22	1636.09
23	1632.47
24	1628.38
25	1625.29
26	1621.86
27	1618.00
28	1614.41
29	1609.77
30	1605.56
31	1601.12
32	1596.96
33	1592.71
34	1588.21
35	1584.30
36	1580.39
37	1576.39
38	1573.02
39	1569.24
40	1565.51
41	1562.01
42	1558.84
43	1555.26
44	1552.19
45	1548.38
46	1545.66
47	1542.78
48	1539.95
49	1537.64
50	1534.81	$8_9R&
51	1530.65	$8_9F&
52	1526.50
53	1522.78
54	1518.76	$8_9G&
55	1514.53	$8_9E&
56	1511.32	$8_10T&
57	1508.42
58	1505.32
59	1504.83
60	1504.16
61	1505.62
62	1510.04
63	1516.71	$8_10S&
64	1526.63
65	1536.78
66	1548.83
67	1561.35
68	1573.16
69	1584.52
70	1595.60
71	1605.02
72	1614.91
73	1624.95
74	1634.19
75	1642.53
76	1650.46
77	1657.12
78	1664.40
79	1670.79
80	1677.17
81	1683.21
82	1689.05
83	1693.92
84	1699.41
85	1704.71
86	1709.70
87	1714.68
88	1719.58
89	1723.78
90	1728.35
91	1732.19
92	1735.89
93	1737.82
94	1738.57
95	1738.15
96	1737.08
97	1734.61
98	1731.11
99	1726.86
100	1723.34
101	1718.98
102	1713.92
103	1709.45
104	1704.95
105	1700.83
106	1697.59
107	1694.75
108	1691.08
109	1686.62
110	1682.47
111	1678.83
112	1673.57
113	1668.24
114	1662.36
115	1656.46
116	1649.74
117	1643.25
118	1636.17
119	1628.62
120	1622.20
121	1615.65
122	1609.16
123	1603.33
124	1596.88
125	1591.20
126	1584.94
127	1578.43
128	1573.20
129	1567.62
130	1562.29
131	1557.02
132	1552.31
133	1547.95
134	1543.91
135	1539.88
136	1536.43
137	1531.97
138	1527.72
139	1524.40
140	1522.14
141	1519.89
142	1518.46
143	1516.18
144	1514.86
145	1513.66
146	1513.87
147	1513.19
148	1512.16
149	1510.91
150	1509.41
151	1508.49
152	1508.45
153	1509.00
154	1511.08
155	1514.24
156	1518.65
157	1523.58
158	1528.96
159	1535.70
160	1542.76
161	1550.63
162	1559.23
163	1567.95
164	1577.39
165	1587.39
166	1596.25
167	1605.77
168	1614.35
169	1623.83
170	1633.28
171	1641.80
172	1650.12
173	1657.39
174	1664.09
175	1671.15
176	1678.18
177	1683.70
178	1689.76
179	1695.05
180	1699.47
181	1703.25
182	1706.80
183	1710.61
184	1712.81
185	1714.55
186	1714.38
187	1712.17
188	1709.81
189	1706.85
190	1703.59
191	1700.17
192	1696.45
193	1692.22
194	1687.31
195	1683.19
196	1679.11
197	1674.44
198	1669.65
199	1665.38
200	1661.48
201	1656.97
202	1651.73
203	1645.68
204	1640.34
205	1635.57
206	1630.86
207	1625.94
208	1620.76
209	1616.15
210	1611.21	$8_10R&
211	1606.40	$8_10F&
212	1601.45
213	1595.38
214	1589.49	$8_10G&
215	1583.31	$8_10E&
216	1576.12	$8_11T&
217	1569.45
218	1563.24
219	1556.32
220	1550.00
221	1544.85
222	1539.64
223	1534.96	$8_11S&
224	1530.35
225	1526.34
226	1521.63
227	1517.71
228	1514.65
229	1512.41
230	1510.94
231	1510.20
232	1510.52
233	1511.13
234	1513.33
235	1517.83
236	1522.94
237	1528.68
238	1535.33
239	1542.08
240	1551.19
241	1560.19
242	1569.36
243	1578.56
244	1586.87
245	1595.12
246	1603.82
247	1611.74
248	1619.76
249	1627.37
250	1635.96
251	1644.30
252	1652.62
253	1659.97
254	1666.53
255	1673.55
256	1680.67
257	1687.99
258	1694.35
259	1700.76
260	1707.40
261	1714.04
262	1720.23
263	1725.80
264	1730.07
265	1731.88
266	1733.23
267	1734.07
268	1733.02
269	1731.85
270	1729.16
271	1726.12
272	1723.18
273	1719.68
274	1716.34
275	1712.26
276	1708.36
277	1704.49
278	1701.25
279	1696.85
280	1692.47
281	1687.39
282	1683.14
283	1678.93
284	1673.85
285	1669.23
286	1663.40
287	1658.24
288	1653.38
289	1648.14
290	1643.89
291	1640.59
292	1636.83
293	1632.11
294	1629.31
295	1625.26
296	1621.87
297	1618.17
298	1613.52
299	1608.36
300	1603.28
301	1598.95
302	1594.35
303	1589.62
304	1584.86
305	1580.33
306	1575.56
307	1569.69
308	1564.53
309	1559.20
310	1553.24
311	1548.56
312	1543.66
313	1539.82
314	1536.37
315	1532.72
316	1529.95
317	1527.25
318	1525.10
319	1522.55
320	1520.33
321	1518.69
322	1516.45
323	1514.42
324	1513.46
325	1512.40
326	1510.61
327	1510.04
328	1512.42
329	1516.18
330	1519.67
331	1523.71
332	1528.43
333	1535.24
334	1543.67
335	1552.78
336	1562.04
337	1571.53
338	1581.83
339	1592.51
340	1602.67
341	1611.93
342	1620.69
343	1630.20
344	1639.01
345	1646.83
346	1654.35
347	1661.10
348	1667.34
349	1672.83
350	1677.92
351	1682.87
352	1688.05
353	1693.34
354	1698.62
355	1703.34
356	1706.75
357	1710.38
358	1712.97
359	1713.34
360	1712.37
361	1710.45
362	1707.96
363	1704.69
364	1701.29
365	1699.01
366	1696.45
367	1692.78
368	1688.56
369	1683.54
370	1679.26
371	1674.22
372	1669.55
373	1663.92
374	1659.19
375	1654.11
376	1650.34
377	1646.33
378	1642.96
379	1639.08
380	1634.79
381	1630.56
382	1626.80
383	1622.01
384	1617.95
385	1615.55
386	1612.66
387	1608.96
388	1606.10
389	1602.30
390	1598.92
391	1595.14
392	1590.85
393	1586.78
394	1582.44
395	1578.66
396	1575.14
397	1572.36
398	1569.54
399	1567.36
400	1564.96
401	1562.65
402	1559.97
403	1556.88
404	1554.58
405	1550.34
406	1546.34
407	1542.54
408	1539.16
409	1535.59
410	1532.08
411	1528.87
412	1525.22
413	1521.76
414	1518.19
415	1515.32
416	1513.33
417	1511.41
418	1512.38
419	1514.83
420	1519.37
421	1526.18
422	1532.26
423	1540.43
424	1549.32
425	1558.33
426	1568.80
427	1579.80
428	1590.84	$8_11R&	$8_11F&
429	1601.84
430	1611.87
431	1622.10	$8_11G&
432	1631.52	$8_11E&
433	1639.49	$8_12T&
434	1648.28
435	1656.88
436	1664.62
437	1671.26
438	1677.85
439	1685.83
440	1693.03	$8_12S&
441	1699.85
442	1706.66
443	1712.91
444	1718.72
445	1724.51
446	1729.70
447	1734.33
448	1738.61
449	1742.69
450	1746.24
451	1748.75
452	1750.97
453	1752.17
454	1752.38
455	1751.55
456	1750.69
457	1748.59
458	1747.27
459	1744.71
460	1741.29
461	1738.29
462	1735.36
463	1731.49
464	1727.54
465	1723.69
466	1720.32
467	1716.90
468	1713.13
469	1709.31
470	1705.77
471	1702.45
472	1698.93
473	1695.89
474	1691.62
475	1687.74
476	1683.37
477	1678.66
478	1674.87
479	1670.59
480	1666.04
481	1662.40
482	1658.35
483	1654.64
484	1652.31
485	1648.79
486	1646.38
487	1644.04
488	1641.76
489	1639.25
490	1637.47
491	1635.80
492	1634.48
493	1633.01
494	1630.29
495	1627.22
496	1624.44
497	1621.16
498	1618.32
499	1615.17
500	1612.02
501	1608.40
502	1604.71
503	1600.68
504	1596.51
505	1591.69
506	1587.06
507	1582.21
508	1577.46
509	1572.54
510	1567.88
511	1563.81
512	1560.33
513	1557.06
514	1554.35
515	1550.40
516	1546.23
517	1541.95
518	1538.09
519	1534.85
520	1532.09
521	1529.09
522	1526.45
523	1524.96
524	1523.28
525	1521.29
526	1520.97
527	1521.30
528	1522.23
529	1525.34
530	1529.36
531	1535.54
532	1541.73
533	1548.58
534	1555.80
535	1563.50
536	1572.29
537	1581.28
538	1589.93
539	1598.35
540	1607.07
541	1615.95
542	1624.19
543	1632.74
544	1641.66
545	1650.89	$8_12R&	$8_12F&
546	1659.52
547	1668.59
548	1677.05	$8_12G&
549	1684.51	$8_12E&
550	1691.59
551	1698.96	$8_13T&
552	1706.67
553	1713.30
554	1720.35
555	1727.31
556	1733.51
557	1739.59
558	1744.72	$8_13S&
559	1747.76
560	1750.02
561	1750.37
562	1749.55
563	1746.70
564	1743.94
565	1740.57
566	1736.67
567	1732.47
568	1728.36
569	1724.14
570	1720.05
571	1716.70
572	1713.19
573	1708.82
574	1705.40
575	1700.10
576	1694.88
577	1690.62
578	1685.15
579	1679.64
580	1674.59
581	1667.56
582	1658.74
583	1650.53
584	1643.85
585	1636.41
586	1630.36
587	1624.13
588	1618.15
589	1612.96
590	1607.82
591	1602.88
592	1598.60
593	1593.30
594	1588.99
595	1584.39
596	1579.46
597	1574.07
598	1569.14
599	1564.46
600	1558.74
601	1552.41
602	1546.54
603	1542.36
604	1537.09
605	1532.17
606	1527.59
607	1523.58
608	1519.59
609	1516.77
610	1512.73
611	1508.92
612	1506.40
613	1504.61
614	1502.74
615	1500.09
616	1500.44
617	1498.74
618	1496.31
619	1495.05
620	1493.56
621	1492.86
622	1493.05
623	1495.31	$8_13R&	$8_13F&
624	1496.84
625	1499.97
626	1503.93
627	1509.24	$8_13G&
628	1515.10	$8_13E&	$8_14T&
629	1522.16
630	1531.17
631	1542.16
632	1552.94
633	1564.42
634	1576.39
635	1588.02
636	1599.23	$8_14S&
637	1610.36
638	1620.63
639	1630.81
640	1640.67
641	1650.72
642	1660.83
643	1670.47
644	1678.04
645	1685.71
646	1691.52
647	1697.26
648	1702.53
649	1707.77
650	1712.24
651	1715.69
652	1718.75
653	1721.66
654	1724.77
655	1726.94
656	1727.53
657	1727.13
658	1725.85
659	1723.32
660	1721.22
661	1718.27
662	1715.57
663	1711.19
664	1706.73
665	1702.24
666	1697.30
667	1691.42
668	1686.25
669	1681.06
670	1676.11
671	1670.67
672	1665.81
673	1661.76
674	1657.54
675	1653.35
676	1649.53
677	1646.22
678	1642.79
679	1638.58
680	1634.58
681	1630.09
682	1626.39
683	1622.91
684	1620.31
685	1617.94
686	1615.40
687	1612.01
688	1608.06
689	1603.85
690	1599.22
691	1595.02
692	1590.64
693	1586.49
694	1582.37
695	1578.54
696	1574.79
697	1570.69
698	1567.38
699	1564.14
700	1560.91
701	1557.70
702	1554.20
703	1551.64
704	1548.54
705	1546.10
706	1543.14
707	1539.79
708	1536.22
709	1532.61
710	1529.36
711	1526.81
712	1524.68
713	1522.47
714	1520.50
715	1519.13
716	1517.53
717	1515.71
718	1514.48	$8_14R&	$8_14F&
719	1514.77
720	1517.02
721	1520.44	$8_14G&
722	1525.47	$8_14E&
723	1532.35
724	1541.00	$8_15T&
725	1551.77
726	1562.83
727	1574.82
728	1586.08
729	1597.40
730	1608.71
731	1618.40	$8_15S&
732	1628.05
733	1637.60
734	1646.24
735	1653.96
736	1661.66
737	1668.87
738	1675.81
739	1682.62
740	1688.41
741	1693.55
742	1699.31
743	1705.15
744	1710.73
745	1715.47
746	1719.96
747	1724.11
748	1728.36
749	1732.40
750	1734.87
751	1735.87
752	1734.60
753	1732.20
754	1729.40
755	1725.80
756	1722.46
757	1718.81
758	1714.02
759	1708.77
760	1703.75
761	1699.20
762	1694.58
763	1689.57
764	1684.90
765	1680.12
766	1674.95
767	1670.28
768	1666.06
769	1661.81
770	1656.78
771	1651.55
772	1646.34
773	1640.51
774	1634.31	$8_15R&
775	1627.97	$8_15F&
776	1621.96
777	1616.02
778	1610.93	$8_15G&
779	1605.79	$8_15E&
780	1599.45	$8_16T&
781	1593.34
782	1588.71
783	1582.95
784	1576.65
785	1571.38
786	1566.38
787	1562.15	$8_16S&
788	1558.78
789	1553.91
790	1548.61
791	1543.99
792	1539.03
793	1534.99
794	1530.50
795	1527.26
796	1523.15
797	1519.65
798	1516.05
799	1513.13
800	1510.82
801	1508.75
802	1506.84
803	1506.87
804	1506.20
805	1506.85
806	1509.03
807	1512.70
808	1517.91
809	1523.82
810	1531.42
811	1539.87
812	1546.96
813	1553.88
814	1561.87
815	1569.94
816	1578.07
817	1586.56
818	1595.66
819	1604.08
820	1612.36
821	1620.43
822	1627.56
823	1634.36
824	1641.77
825	1649.61
826	1656.64
827	1663.29
828	1669.69
829	1675.55
830	1681.53
831	1687.41
832	1692.02
833	1696.88
834	1701.34
835	1705.28
836	1707.78
837	1708.95
838	1708.59
839	1706.52
840	1703.39
841	1700.11
842	1697.09
843	1692.86
844	1688.59
845	1685.78
846	1681.44
847	1676.91
848	1672.48
849	1667.56
850	1662.65
851	1658.52
852	1654.44
853	1650.02
854	1644.70
855	1638.70
856	1632.89
857	1627.33
858	1621.78
859	1615.66	$8_16R&	$8_16F&
860	1609.87
861	1604.36
862	1598.40
863	1592.30	$8_16G&
864	1587.11	$8_16E&
865	1580.80	$8_17T&
866	1574.62
867	1569.07
868	1562.89
869	1557.23
870	1551.87
871	1547.53
872	1542.62	$8_17S&
873	1537.98
874	1533.90
875	1528.60
876	1524.63
877	1520.67
878	1518.74
879	1514.84
880	1511.52
881	1508.39
882	1505.35
883	1503.23
884	1502.53
885	1499.77
886	1498.45
887	1497.40
888	1497.91
889	1498.56
890	1500.98
891	1505.38
892	1510.50
893	1516.13
894	1521.62
895	1527.42
896	1532.81
897	1538.67
898	1545.20
899	1552.08
900	1558.33
901	1565.69
902	1571.94
903	1579.07
904	1586.57
905	1594.32
906	1601.88
907	1610.38
908	1618.47
909	1625.59
910	1633.15
911	1640.95
912	1648.25
913	1656.00
914	1664.48
915	1671.84
916	1678.39
917	1684.93
918	1692.01
919	1697.65
920	1701.54
921	1704.86
922	1707.80
923	1710.31
924	1710.73
925	1710.60
926	1710.16
927	1708.10
928	1706.46
929	1704.06
930	1700.88
931	1698.52
932	1695.39
933	1691.82
934	1688.32
935	1684.60
936	1681.13
937	1677.59
938	1673.11
939	1668.41
940	1663.71
941	1659.46
942	1654.89
943	1650.30
944	1645.91
945	1642.28
946	1638.59
947	1636.50
948	1633.22
949	1630.60
950	1627.34
951	1624.62
952	1621.14
953	1618.29
954	1616.90
955	1614.78
956	1613.73
957	1612.05
958	1610.11
959	1607.70
960	1605.06
961	1602.30
962	1598.79
963	1595.95
964	1593.89
965	1590.63
966	1587.51
967	1584.19
968	1581.51
969	1577.66
970	1574.78	$8_17R&	$8_17F&
971	1571.13
972	1566.62
973	1561.63
974	1557.36	$8_17G&
975	1552.64	$8_17E&
976	1547.05	$8_18T&
977	1543.32
978	1537.88
979	1534.08
980	1529.61
981	1525.04
982	1521.18
983	1517.94
984	1515.20	$8_18S&
985	1512.23
986	1510.40
987	1508.77
988	1508.05
989	1508.45
990	1510.69
991	1514.62
992	1519.50
993	1525.18
994	1534.22
995	1541.72
996	1550.06
997	1558.09
998	1565.42
999	1572.75
0	1581.94
1	1589.15
2	1598.05
3	1603.63
4	1609.79
5	1616.56
6	1623.12
7	1629.88
8	1636.13
9	1643.23
10	1649.65
11	1655.74
12	1661.27
13	1666.84
14	1671.68
15	1677.57
16	1683.23
17	1688.18
18	1692.92
19	1697.01
20	1700.25
21	1703.38
22	1705.06
23	1707.14
24	1707.55
25	1705.48
26	1702.42
27	1698.80
28	1695.46
29	1691.22
30	1688.03
31	1683.95
32	1680.16
33	1676.29
34	1671.34
35	1667.25
36	1662.97
37	1660.03
38	1656.54
39	1653.27
40	1649.79
41	1646.12
42	1642.84
43	1639.51
44	1637.00
45	1633.65
46	1629.74
47	1627.32
48	1623.81
49	1620.29
50	1617.25
51	1614.01
52	1611.14
53	1609.66
54	1605.84
55	1602.22
56	1598.11
57	1593.85	$8_18R&	$8_18F&
58	1588.32
59	1583.62
60	1579.53
61	1573.68	$8_18G&
62	1567.47	$8_18E&
63	1561.01	$8_19T&
64	1554.24
65	1548.00
66	1544.93
67	1537.74
68	1532.01
69	1526.88
70	1522.08	$8_19S&
71	1517.99
72	1514.27
73	1512.35
74	1509.17
75	1506.55
76	1504.80
77	1503.74
78	1503.56
79	1504.15
80	1508.79
81	1512.06
82	1516.87
83	1522.87
84	1528.36
85	1534.39
86	1541.04
87	1546.97
88	1552.74
89	1559.07
90	1566.16
91	1571.94
92	1578.38
93	1584.72
94	1591.44
95	1597.59
96	1606.30
97	1610.84
98	1616.25
99	1621.76
100	1627.59
101	1632.08
102	1637.89
103	1643.88
104	1649.08
105	1653.91
106	1658.79
107	1662.62
108	1666.82
109	1670.27
110	1672.61
111	1673.80
112	1674.11
113	1673.81
114	1672.26
115	1669.11
116	1666.38
117	1663.67
118	1659.43
119	1656.01
120	1653.26
121	1650.38
122	1647.34
123	1644.23
124	1641.41
125	1637.22
126	1633.63
127	1630.61
128	1627.39
129	1624.76
130	1621.63
131	1617.70
132	1613.42
133	1608.89
134	1604.91
135	1601.03
136	1598.64
137	1594.71
138	1591.28
139	1586.98
140	1582.92
141	1579.25
142	1575.85
143	1573.72
144	1570.65
145	1567.96
146	1565.86
147	1563.78
148	1560.91
149	1558.97
150	1555.48
151	1551.68
152	1547.60
153	1543.59
154	1538.83
155	1534.34
156	1528.75
157	1523.26
158	1518.27
159	1517.64
160	1512.20
161	1508.71
162	1505.48
163	1503.90
164	1501.08
165	1499.76
166	1500.68
167	1499.73
168	1498.62
169	1499.86
170	1499.62
171	1499.82
172	1500.71
173	1502.16
174	1504.02
175	1505.79
176	1509.16
177	1512.07
178	1515.20
179	1518.67
180	1522.42
181	1526.95
182	1537.26
183	1542.90
184	1548.57
185	1554.20
186	1560.17
187	1566.25
188	1572.27
189	1580.09
190	1586.17
191	1592.40
192	1599.25
193	1604.68
194	1609.94
195	1615.62
196	1620.91
197	1626.81
198	1631.00
199	1637.26
200	1639.87
201	1641.77
202	1644.13
203	1644.99
204	1645.29
205	1644.35
206	1644.60
207	1642.12
208	1639.03
209	1635.94
210	1632.26
211	1628.72
212	1625.66
213	1622.42
214	1618.67
215	1615.28
216	1613.76
217	1610.18
218	1606.32
219	1605.18
220	1600.19
221	1595.25
222	1592.11
223	1587.35
224	1582.62
225	1578.66
226	1575.13
227	1572.40
228	1569.17
229	1568.42
230	1564.92
231	1561.78
232	1558.00
233	1554.51
234	1551.19
235	1549.09
236	1546.27
237	1543.66
238	1541.22
239	1537.55
240	1534.75
241	1531.23
242	1528.01
243	1524.59
244	1521.89
245	1521.75
246	1518.59
247	1516.19
248	1514.28
249	1512.70
250	1511.30
251	1509.77
252	1513.15
253	1510.56
254	1509.26
255	1507.75
256	1506.61
257	1505.97
258	1505.92
259	1507.82
260	1507.38
261	1508.16
262	1510.00
263	1512.73
264	1515.77
265	1518.74
266	1523.14
267	1527.19
268	1532.72
269	1539.97
270	1545.42
271	1550.92
272	1556.50
273	1562.75
274	1568.89
275	1578.22
276	1583.85
277	1590.67
278	1600.02
279	1607.25
280	1612.13
281	1617.18
282	1623.76
283	1628.03
284	1632.85
285	1638.29
286	1643.04
287	1647.20
288	1650.97
289	1655.19
290	1658.32
291	1660.57
292	1663.96
293	1665.28
294	1665.06
295	1663.58
296	1661.25
297	1659.01
298	1657.38
299	1653.43
300	1649.30
301	1645.65
302	1641.36
303	1638.09
304	1633.38
305	1628.58
306	1623.20
307	1617.60
308	1612.14
309	1606.81
310	1601.66
311	1596.82
312	1592.53
313	1588.90
314	1584.67
315	1582.05
316	1577.52
317	1572.78
318	1568.50
319	1563.64
320	1559.15
321	1555.81
322	1554.96
323	1551.52
324	1547.59
325	1543.38
326	1539.78
327	1535.78
328	1534.03
329	1529.93
330	1526.09
331	1522.35
332	1520.65
333	1516.88
334	1514.10
335	1511.65
336	1509.50
337	1507.07
338	1510.82
339	1507.61
340	1505.45
341	1503.64
342	1501.82
343	1500.55
344	1499.66
345	1503.51
346	1504.68
347	1506.24
348	1509.19
349	1513.54
350	1516.72
351	1523.56
352	1527.33
353	1531.80
354	1536.47
355	1541.38
356	1545.62
357	1550.19
358	1556.29
359	1562.16
360	1567.96
361	1577.90
362	1583.21
363	1588.46
364	1593.64
365	1599.08
366	1604.65
367	1610.79
368	1619.11
369	1624.96
370	1629.76
371	1634.70
372	1639.17
373	1643.24
374	1647.13
375	1651.19
376	1654.31
377	1658.16
378	1661.55
379	1663.47
380	1664.01
381	1664.32
382	1663.55
383	1661.67
384	1658.59
385	1658.19
386	1654.81
387	1651.16
388	1647.14
389	1643.84
390	1640.54
391	1639.37
392	1634.90
393	1629.80
394	1625.04
395	1619.68
396	1615.27
397	1611.15
398	1607.42
399	1604.08
400	1601.05
401	1601.23
402	1597.67
403	1593.68
404	1590.15
405	1586.55
406	1583.60
407	1580.44
408	1579.83
409	1576.95
410	1574.42
411	1571.06
412	1567.79
413	1565.17
414	1563.79
415	1559.60
416	1554.69
417	1550.99
418	1547.50
419	1543.73
420	1540.35
421	1537.29
422	1534.42
423	1532.00
424	1532.26
425	1529.14
426	1526.65
427	1524.30
428	1522.46
429	1521.13
430	1519.58
431	1523.62
432	1521.36
433	1519.10
434	1517.04
435	1515.03
436	1513.09
437	1511.07
438	1511.84
439	1510.03
440	1508.39
441	1507.33
442	1508.15
443	1509.88
444	1512.90
445	1516.24
446	1519.92
447	1523.89
448	1531.75
449	1536.20
450	1541.07
451	1546.06
452	1551.79
453	1557.26
454	1565.59
455	1569.82
456	1573.66
457	1576.93
458	1580.47
459	1584.44
460	1588.01
461	1593.08
462	1596.98
463	1602.05
464	1607.47
465	1612.89
466	1617.84
467	1623.15
468	1627.02
469	1630.90
470	1635.27
471	1639.25
472	1640.94
473	1640.42
474	1639.37
475	1637.66
476	1635.28
477	1636.30
478	1631.85
479	1626.07
480	1619.60
481	1612.99
482	1606.53
483	1599.55	$8_19R&
484	1596.65	$8_19F&
485	1589.22
486	1583.31
487	1577.96	$8_19G&
488	1573.23	$8_19E&
489	1567.39	$8_20T&
490	1562.17
491	1559.65
492	1554.56
493	1549.54
494	1545.33
495	1540.94
496	1536.54
497	1535.36	$8_20S&
498	1528.64
499	1523.62
500	1519.12
501	1516.66
502	1512.87
503	1509.51
504	1506.61
505	1504.99
506	1503.96
507	1504.72
508	1504.15
509	1503.41
510	1503.57
511	1502.73
512	1502.19
513	1502.03
514	1505.52
515	1505.62
516	1505.87
517	1507.30
518	1508.80
519	1511.74
520	1519.64
521	1522.46
522	1525.38
523	1529.27
524	1533.85
525	1538.49
526	1544.06
527	1552.32
528	1558.53
529	1564.63
530	1571.73
531	1578.71
532	1585.81
533	1593.59
534	1601.86
535	1609.81
536	1617.99
537	1627.17
538	1635.68
539	1643.58
540	1651.72
541	1660.13
542	1668.06
543	1675.72
544	1684.13
545	1690.53
546	1695.66
547	1700.43
548	1704.49
549	1707.94
550	1711.09
551	1711.30
552	1710.29
553	1709.28
554	1707.12
555	1704.51
556	1701.58
557	1698.16
558	1694.69
559	1691.61
560	1688.59
561	1685.03
562	1680.72
563	1676.43
564	1671.82
565	1667.32
566	1662.44
567	1658.83
568	1653.73
569	1649.50
570	1645.44
571	1641.62
572	1637.28
573	1636.22
574	1633.38
575	1630.35
576	1627.70
577	1624.99
578	1622.84
579	1621.19
580	1620.09
581	1617.74
582	1614.29
583	1609.50
584	1606.14
585	1601.81
586	1597.34
587	1592.86
588	1588.97
589	1585.12
590	1583.72
591	1579.75
592	1576.13
593	1572.54
594	1569.28
595	1565.61
596	1562.54
597	1561.96
598	1558.91
599	1554.82
600	1551.60
601	1548.02
602	1544.76
603	1543.85
604	1540.29
605	1536.39
606	1532.89
607	1530.21
608	1526.58
609	1523.64
610	1521.09
611	1518.54
612	1515.89
613	1523.81
614	1520.27
615	1516.70
616	1514.08
617	1511.90
618	1510.00
619	1508.19
620	1511.51
621	1511.30
622	1510.46
623	1509.91	$8_20R&
624	1510.15	$8_20F&
625	1509.07
626	1512.36
627	1512.42	$8_20G&
628	1512.65	$8_20E&
629	1513.69
630	1515.55	$8_21T&
631	1517.56
632	1522.56
633	1530.79
634	1538.21
635	1547.07
636	1557.27
637	1566.98	$8_21S&
638	1576.46
639	1586.02
640	1596.32
641	1605.54
642	1613.91
643	1622.82
644	1630.88
645	1639.20
646	1646.32
647	1653.16
648	1659.77
649	1666.74
650	1674.51
651	1679.46
652	1683.80
653	1687.04
654	1690.49
655	1693.90
656	1698.28
657	1701.55
658	1704.32
659	1707.42
660	1709.36
661	1709.76
662	1709.11
663	1707.90
664	1704.44
665	1701.20
666	1698.44
667	1693.07
668	1688.36
669	1683.30
670	1678.08
671	1672.40
672	1666.94
673	1663.26
674	1656.28
675	1649.53
676	1641.89
677	1635.01
678	1627.77
679	1621.24
680	1615.07
681	1608.68
682	1602.65
683	1596.73
684	1590.87
685	1586.60
686	1583.64
687	1578.74
688	1573.81
689	1571.92
690	1567.49
691	1562.93
692	1561.98
693	1558.92
694	1553.14
695	1548.04
696	1544.62
697	1539.03
698	1535.11
699	1530.57
700	1526.44
701	1522.04
702	1518.37
703	1517.03
704	1514.79
705	1512.90
706	1511.19
707	1509.59
708	1507.67
709	1512.26
710	1510.19
711	1508.81
712	1508.17
713	1508.29
714	1507.59
715	1506.23
716	1508.54
717	1508.91
718	1510.09
719	1511.64
720	1513.56
721	1516.75
722	1520.22
723	1525.84
724	1530.91
725	1536.13
726	1542.51
727	1547.91
728	1553.32
729	1559.56
730	1566.54
731	1573.10
732	1584.06
733	1589.40
734	1594.99
735	1600.90
736	1607.56
737	1613.73
738	1620.44
739	1627.74
740	1632.90
741	1638.47
742	1644.56
743	1649.90
744	1654.89
745	1659.00
746	1664.18
747	1667.44
748	1669.30
749	1670.99
750	1671.31
751	1669.61
752	1666.81
753	1664.60
754	1661.99
755	1658.72
756	1657.48
757	1652.83
758	1646.61
759	1640.51
760	1633.59
761	1627.76
762	1623.77
763	1616.97
764	1610.73
765	1604.26
766	1604.34
767	1597.97
768	1592.56
769	1587.03
770	1580.92
771	1575.22
772	1571.14
773	1565.31
774	1560.11
775	1555.75
776	1551.86
777	1548.19
778	1544.03
779	1542.80
780	1538.65
781	1534.76
782	1530.82
783	1527.03
784	1523.52
785	1523.57
786	1520.23
787	1517.52
788	1515.65
789	1513.34
790	1511.45
791	1509.73
792	1508.95
793	1508.01
794	1507.61
795	1507.91
796	1508.15
797	1508.73
798	1509.46
799	1509.70
800	1510.60
801	1511.69
802	1516.57
803	1519.02
804	1521.08
805	1524.17
806	1527.90
807	1532.86
808	1537.45
809	1546.16
810	1551.18
811	1556.34
812	1560.88
813	1565.84
814	1570.63
815	1577.67
816	1582.45
817	1586.34
818	1590.59
819	1597.96
820	1608.39
821	1611.60
822	1615.39
823	1618.93
824	1621.97
825	1625.67
826	1628.45
827	1632.07
828	1634.70
829	1637.24
830	1638.70
831	1639.12
832	1639.99
833	1638.38
834	1635.54
835	1631.94
836	1628.67
837	1624.32
838	1622.49
839	1617.77
840	1613.26
841	1608.16
842	1603.60
843	1598.69
844	1594.08
845	1589.63
846	1585.02
847	1579.68
848	1577.20
849	1571.89
850	1567.19
851	1563.15
852	1559.07
853	1554.94
854	1551.80
855	1552.11
856	1548.27
857	1544.27
858	1540.77
859	1538.44
860	1535.30
861	1532.43
862	1533.19
863	1529.43
864	1526.05
865	1522.37
866	1519.33
867	1515.94
868	1513.14
869	1511.04
870	1510.01
871	1509.26
872	1510.95
873	1509.81
874	1509.10
875	1508.51
876	1508.81
877	1508.70
878	1515.62
879	1513.85
880	1511.55
881	1511.08
882	1512.15
883	1513.24
884	1514.79
885	1523.27
886	1524.49
887	1526.81
888	1529.32
889	1533.29
890	1538.26
891	1543.55
892	1549.38
893	1554.57
894	1560.54
895	1567.34
896	1573.82
897	1578.60
898	1584.09
899	1589.29
900	1594.77
901	1606.12
902	1609.49
903	1612.70
904	1616.81
905	1620.71
906	1624.55	$8_21R&	$8_21F&
907	1627.64
908	1635.60
909	1639.05
910	1640.54	$8_21G&	$8_21E&
911	1640.40	$8_22T&
912	1640.10
913	1637.70
914	1635.22
915	1635.52
916	1631.88
917	1627.17
918	1621.94
919	1617.41	$8_22S&
920	1611.98
921	1607.45
922	1603.55
923	1598.63
924	1593.54
925	1590.31
926	1584.97
927	1580.26
928	1575.56
929	1569.87
930	1563.67
931	1563.21
932	1557.60
933	1551.36
934	1546.47
935	1541.67
936	1536.80
937	1533.15
938	1534.68
939	1530.14
940	1526.06
941	1522.43
942	1518.83
943	1515.87
944	1514.44
945	1512.59
946	1511.07
947	1510.60
948	1510.50
949	1510.34
950	1509.74
951	1509.89
952	1508.55
953	1507.38
954	1513.44
955	1511.22
956	1509.90
957	1506.94
958	1505.10
959	1504.15
960	1503.19
961	1509.86
962	1510.50
963	1511.51
964	1515.26
965	1518.14
966	1521.18
967	1524.04
968	1529.32
969	1534.04
970	1539.10
971	1545.19
972	1550.31
973	1555.61
974	1561.59
975	1567.99
976	1573.10
977	1579.16
978	1588.71
979	1593.80
980	1598.77
981	1603.22
982	1608.12
983	1613.35
984	1623.24
985	1627.63
986	1632.41
987	1637.28
988	1641.91
989	1646.66
990	1651.55
991	1657.17
992	1661.88
993	1664.69
994	1665.52
995	1664.34
996	1663.15
997	1659.70
998	1655.97
999	1652.60
0	1648.84
1	1648.47
2	1642.91
3	1637.72
4	1632.37
5	1627.05
6	1621.82
7	1618.69
8	1612.25
9	1606.29
10	1600.89
11	1595.67
12	1590.03
13	1585.71
14	1580.29
15	1575.00
16	1570.23
17	1565.84
18	1560.64
19	1556.54
20	1552.83
21	1549.37
22	1546.24
23	1542.19
24	1542.52
25	1538.84
26	1535.22
27	1531.64
28	1529.27
29	1527.17
30	1525.27
31	1527.81
32	1525.91
33	1523.85
34	1521.38
35	1518.86
36	1516.29
37	1519.13
38	1516.92
39	1515.01
40	1513.51
41	1515.40
42	1513.81
43	1513.25
44	1512.90
45	1512.26
46	1511.82
47	1513.00
48	1513.70
49	1513.89
50	1515.17
51	1516.26
52	1518.90
53	1522.63
54	1530.28
55	1534.02
56	1537.03
57	1541.03
58	1545.71
59	1550.34
60	1559.42
61	1564.27
62	1570.38
63	1576.65
64	1584.65
65	1591.12
66	1597.91
67	1605.40
68	1612.45
69	1619.45
70	1627.00
71	1632.94
72	1638.82
73	1644.45
74	1650.04
75	1655.47
76	1660.05
77	1666.35
78	1669.96
79	1671.61
80	1673.81
81	1674.33
82	1673.11
83	1671.90
84	1672.74
85	1668.42
86	1664.40
87	1659.27
88	1654.63
89	1649.92
90	1644.46
91	1639.46
92	1633.85
93	1629.85
94	1627.26
95	1622.62
96	1617.70
97	1612.86
98	1608.21
99	1603.21
100	1601.52
101	1596.28
102	1591.25
103	1587.05
104	1583.32
105	1580.84
106	1578.13
107	1580.36
108	1576.44
109	1572.80
110	1568.83
111	1564.60
112	1560.91
113	1559.46
114	1556.55
115	1553.57
116	1549.86
117	1546.08
118	1542.30
119	1538.46
120	1535.10
121	1532.18
122	1528.90
123	1529.73
124	1526.52
125	1523.87
126	1521.28
127	1518.96
128	1517.17
129	1515.16
130	1519.91
131	1516.76
132	1524.22
133	1521.09
134	1518.13
135	1516.00
136	1517.23
137	1518.48
138	1516.54
139	1515.63
140	1516.52
141	1517.29
142	1519.32
143	1521.88
144	1525.23
145	1528.97
146	1532.79
147	1542.86
148	1547.46
149	1551.54
150	1556.16
151	1561.39
152	1566.69
153	1577.08
154	1582.32
155	1588.42
156	1594.46
157	1600.89
158	1606.90
159	1613.07
160	1621.04
161	1625.29
162	1630.24
163	1634.77
164	1638.51
165	1648.40
166	1651.44
167	1657.55
168	1659.44
169	1661.66
170	1664.60
171	1664.13
172	1662.52
173	1659.26
174	1655.66
175	1651.46
176	1651.24
177	1644.86
178	1639.08
179	1633.18
180	1627.31
181	1620.23	$8_22R&
182	1623.02	$8_22F&
183	1617.41
184	1608.32
185	1599.78	$8_22G&
186	1592.01	$8_22E&
187	1584.67
188	1576.26
189	1569.88
190	1567.51
191	1562.13
192	1556.07
193	1549.85
194	1544.43
195	1539.39
196	1538.62
197	1533.91
198	1529.74
199	1526.02
200	1524.98
201	1521.14
202	1518.62
203	1516.61
204	1514.80
205	1513.47
206	1513.36
207	1511.86
208	1510.65
209	1509.94
210	1508.93
211	1508.19
212	1507.12
213	1509.95
214	1510.92
215	1509.99
216	1509.92
217	1510.66
218	1512.40
219	1521.02
220	1521.89
221	1523.69
222	1527.17
223	1531.62
224	1536.85
225	1541.40
226	1546.92
227	1551.52
228	1556.14
229	1561.84
230	1567.30
231	1572.23
232	1577.31
233	1581.94
234	1584.76
235	1583.93
236	1581.07
237	1569.62
238	1557.47
239	1546.55
240	1538.73
241	1530.23
242	1522.77
243	1520.22
244	1512.93
245	1504.94
246	1497.59
247	1490.88
248	1484.13
249	1478.26
250	1473.61
251	1468.87
252	1465.07
253	1463.21
254	1459.62
255	1456.15
256	1453.86
257	1453.01
258	1452.75
259	1456.68
260	1459.13
261	1462.68
262	1467.90
263	1476.17
264	1484.17
265	1492.60
266	1507.31
267	1516.30
268	1524.35
269	1532.82
270	1542.41
271	1551.52
272	1561.08
273	1571.12
274	1582.33
275	1592.97
276	1603.19
277	1613.59
278	1623.77
279	1632.30
280	1641.50
281	1650.64
282	1660.07
283	1667.70
284	1675.82
285	1683.53
286	1691.33
287	1698.58
288	1705.52
289	1712.46
290	1717.97
291	1722.01
292	1725.66
293	1729.18
294	1731.20
295	1732.24
296	1732.95
297	1732.15
298	1730.78
299	1729.50
300	1727.50
301	1725.48
302	1722.71
303	1719.01
304	1715.26
305	1711.45
306	1707.97
307	1703.67
308	1699.89
309	1695.63
310	1691.77
311	1688.16
312	1685.11
313	1682.26
314	1679.50
315	1676.82
316	1674.05
317	1671.47
318	1669.45
319	1667.05
320	1665.20
321	1664.23
322	1662.75
323	1660.91
324	1657.80
325	1655.10
326	1652.11
327	1648.40
328	1644.88
329	1640.74
330	1637.29
331	1634.31
332	1631.64
333	1628.46
334	1625.39
335	1622.88
336	1620.11
337	1617.72
338	1615.26
339	1613.42
340	1610.71
341	1607.60
342	1605.77
343	1602.93
344	1599.57
345	1595.57
346	1591.73
347	1587.63
348	1584.24
349	1581.90
350	1579.56
351	1576.99
352	1574.71
353	1573.08
354	1570.25
355	1568.82
356	1567.68
357	1568.11
358	1570.26
359	1573.42
360	1577.97
361	1583.50
362	1588.85
363	1594.01
364	1599.62
365	1605.25
366	1611.89
367	1618.55
368	1624.69
369	1630.56
370	1636.88
371	1642.08
372	1646.77
373	1651.24
374	1655.06
375	1658.74
376	1662.80
377	1665.57
378	1668.49
379	1671.90
380	1675.34
381	1679.00
382	1682.73
383	1686.05
384	1688.58
385	1691.52
386	1694.61
387	1697.57
388	1699.89
389	1702.26
390	1704.21
391	1706.11
392	1706.80
393	1708.02
394	1708.84
395	1708.80
396	1709.40
397	1709.67
398	1709.98
399	1709.69
400	1709.73
401	1710.09
402	1711.06
403	1712.34
404	1715.15
405	1718.29
406	1720.11
407	1722.97
408	1725.27
409	1727.03
410	1728.59
411	1730.86
412	1733.03
413	1733.78
414	1734.13
415	1734.62
416	1734.03
417	1732.56
418	1730.82
419	1730.27
420	1727.77
421	1725.61
422	1722.56
423	1719.58
424	1715.33
425	1710.93
426	1706.76
427	1703.91
428	1700.21
429	1697.29
430	1695.90
431	1694.01
432	1692.62
433	1691.26
434	1690.31
435	1689.08
436	1688.94
437	1688.84
438	1688.54
439	1688.29
440	1688.37
441	1687.10
442	1685.85
443	1684.16
444	1682.67
445	1681.02
446	1679.15
447	1677.52
448	1675.07
449	1673.36
450	1671.48
451	1669.50
452	1668.76
453	1667.94
454	1667.24
455	1666.13
456	1664.90
457	1663.98
458	1662.97
459	1662.34
460	1661.25
461	1660.06
462	1659.17
463	1658.05
464	1655.99
465	1653.51
466	1652.17
467	1651.48
468	1650.00
469	1649.01
470	1647.66
471	1646.36
472	1644.93
473	1644.48
474	1644.01
475	1644.27
476	1644.84
477	1645.51
478	1647.14
479	1648.15
480	1648.53
481	1647.76
482	1646.93
483	1645.47
484	1643.94
485	1642.03
486	1639.81
487	1638.35
488	1636.94
489	1635.89
490	1635.16
491	1633.58
492	1632.40
493	1631.37
494	1629.87
495	1629.25
496	1627.94
497	1626.80
498	1625.36
499	1623.92
500	1622.86
501	1621.62
502	1620.85
503	1619.48
504	1618.48
505	1617.27
506	1615.40
507	1613.34
508	1611.36
509	1609.42
510	1608.35
511	1607.53
512	1607.70
513	1607.90
514	1608.34
515	1607.70
516	1607.11
517	1606.16
518	1605.99
519	1605.03
520	1604.68
521	1604.95
522	1604.97
523	1604.20
524	1603.74
525	1603.02
526	1602.63
527	1601.67
528	1599.61
529	1597.01
530	1593.25
531	1589.68
532	1586.80
533	1584.05
534	1581.75
535	1578.50
536	1575.73
537	1572.12
538	1568.36
539	1564.76
540	1562.17
541	1559.86
542	1557.29
543	1554.62
544	1551.28
545	1548.72
546	1546.99
547	1545.31
548	1544.25
549	1544.25
550	1546.07
551	1547.75
552	1549.80
553	1552.91
554	1556.70
555	1561.15
556	1565.09
557	1570.80
558	1577.20
559	1583.47
560	1589.48
561	1595.36
562	1600.62
563	1606.83
564	1612.50
565	1618.04
566	1623.24
567	1629.76
568	1635.19
569	1640.82
570	1645.67
571	1651.06
572	1656.37
573	1660.72
574	1664.59
575	1667.27
576	1670.59
577	1674.27
578	1677.41
579	1679.81
580	1682.01
581	1682.97
582	1683.08
583	1682.43
584	1681.28
585	1679.29
586	1677.23
587	1675.55
588	1673.86
589	1671.48
590	1668.86
591	1666.21
592	1663.31
593	1661.58
594	1658.73
595	1655.37
596	1652.98
597	1649.48
598	1645.47
599	1641.79
600	1637.50
601	1633.94
602	1630.72
603	1628.70
604	1625.37
605	1623.50
606	1621.25
607	1619.47
608	1617.50
609	1614.73
610	1612.34
611	1609.24
612	1606.79
613	1603.07
614	1599.86
615	1597.13
616	1593.81
617	1591.03
618	1587.41
619	1584.56
620	1581.33
621	1577.61
622	1574.09
623	1570.19
624	1566.88
625	1563.77
626	1560.52
627	1557.02
628	1553.59
629	1550.56
630	1547.32
631	1544.58
632	1542.70
633	1540.43
634	1539.07
635	1537.16
636	1536.15
637	1535.55
638	1534.46
639	1533.42
640	1533.48
641	1535.82
642	1539.54
643	1542.93
644	1547.47
645	1551.62
646	1557.50
647	1563.76
648	1569.98
649	1576.56
650	1583.88
651	1590.88
652	1597.97
653	1605.30
654	1612.27
655	1618.71
656	1624.61
657	1630.09
658	1636.80
659	1642.10
660	1647.23
661	1651.89
662	1655.96
663	1660.19
664	1664.88
665	1668.51
666	1672.63
667	1675.94
668	1679.73
669	1683.14
670	1686.32
671	1688.47
672	1690.91
673	1692.33
674	1694.00
675	1693.77
676	1692.33
677	1691.73
678	1690.53
679	1687.90
680	1685.22
681	1682.40
682	1679.42
683	1676.32
684	1672.35
685	1668.84
686	1664.49
687	1660.37
688	1655.55
689	1651.20
690	1647.17
691	1642.37
692	1638.52
693	1635.61
694	1632.58
695	1628.92
696	1625.42
697	1622.69
698	1619.93
699	1617.74
700	1615.28
701	1612.95
702	1610.82
703	1609.68
704	1608.43
705	1606.69
706	1604.72
707	1602.14
708	1599.23
709	1596.40
710	1594.37
711	1592.43
712	1590.57
713	1587.75
714	1585.56
715	1584.10
716	1582.37
717	1580.54
718	1579.11
719	1577.55
720	1575.80
721	1573.85
722	1572.13
723	1569.45
724	1567.43
725	1565.33
726	1564.88
727	1562.38
728	1558.74
729	1555.52
730	1552.77
731	1550.06
732	1547.16
733	1545.31
734	1543.04
735	1541.50
736	1540.21
737	1539.02
738	1537.86
739	1537.97
740	1539.77
741	1542.33
742	1546.47
743	1552.40
744	1557.98
745	1563.95
746	1571.05
747	1577.99
748	1585.02
749	1591.41
750	1598.14
751	1603.79
752	1610.13
753	1616.13
754	1622.03
755	1627.70
756	1633.87
757	1639.72
758	1644.84
759	1650.62
760	1655.73
761	1661.01
762	1666.55
763	1672.75
764	1678.15
765	1683.25
766	1687.61
767	1691.62
768	1695.68
769	1699.94
770	1702.69
771	1705.31
772	1707.69
773	1708.38
774	1708.89
775	1708.75
776	1707.44
777	1705.56
778	1703.43
779	1700.91
780	1698.56
781	1696.27
782	1693.65
783	1690.46
784	1687.74
785	1684.89
786	1682.02
787	1679.47
788	1676.30
789	1672.41
790	1668.82
791	1664.85
792	1661.17
793	1657.42
794	1653.73
795	1649.74
796	1644.66
797	1640.36
798	1636.16
799	1632.21
800	1629.55
801	1626.43
802	1623.46
803	1620.20
804	1617.79
805	1615.32
806	1612.45
807	1610.78
808	1608.78
809	1606.19
810	1603.68
811	1601.29
812	1598.84
813	1596.19
814	1593.96
815	1591.53
816	1588.92
817	1586.02
818	1582.66
819	1580.59
820	1578.14
821	1575.12
822	1572.53
823	1569.41
824	1566.48
825	1564.42
826	1562.41
827	1560.27
828	1558.40
829	1556.23
830	1554.67
831	1553.23
832	1551.87
833	1549.65
834	1547.65
835	1546.31
836	1546.37
837	1545.24
838	1543.68
839	1542.48
840	1542.51
841	1543.85
842	1547.12
843	1551.51
844	1555.77
845	1561.40
846	1567.72
847	1574.55
848	1581.64
849	1590.38
850	1598.28
851	1605.98
852	1614.46
853	1621.98
854	1629.73
855	1637.44
856	1644.82
857	1651.55
858	1658.19
859	1665.04
860	1671.76
861	1677.45
862	1682.19
863	1686.74
864	1689.97
865	1693.13
866	1696.63
867	1700.29
868	1703.65
869	1706.95
870	1711.05
871	1714.88
872	1718.82
873	1721.69
874	1723.96
875	1725.30
876	1725.80
877	1724.98
878	1723.65
879	1720.93
880	1717.04
881	1713.03
882	1709.31
883	1705.34
884	1700.73
885	1696.37
886	1692.04
887	1687.52
888	1682.60
889	1677.16
890	1672.70
891	1668.40
892	1663.79
893	1660.10
894	1656.50
895	1652.25
896	1648.49
897	1645.73
898	1642.19
899	1638.94
900	1635.17
901	1631.31
902	1628.66
903	1625.74
904	1622.47
905	1619.41
906	1615.75
907	1611.71
908	1607.37
909	1603.33
910	1599.94
911	1596.02
912	1593.05
913	1590.09
914	1587.28
915	1585.19
916	1582.84
917	1580.59
918	1577.60
919	1576.19
920	1573.30
921	1570.27
922	1567.50
923	1566.17
924	1565.06
925	1562.69
926	1560.03
927	1555.98
928	1552.15
929	1549.15
930	1545.60
931	1542.90
932	1540.38
933	1538.24
934	1536.55
935	1536.06
936	1536.73
937	1537.12
938	1539.93
939	1543.95
940	1548.59
941	1554.38
942	1562.47
943	1570.36
944	1577.52
945	1584.75
946	1593.37
947	1601.15
948	1608.37
949	1615.54
950	1621.79
951	1628.80
952	1634.36
953	1640.30
954	1646.77
955	1653.37
956	1659.35
957	1665.33
958	1669.80
959	1675.39
960	1680.20
961	1684.80
962	1689.42
963	1693.61
964	1697.39
965	1701.37
966	1705.51
967	1709.55
968	1712.92
969	1716.31
970	1718.86
971	1721.29
972	1722.52
973	1723.49
974	1723.55
975	1723.98
976	1724.53
977	1724.26
978	1723.87
979	1723.12
980	1722.87
981	1722.09
982	1720.72
983	1718.68
984	1716.28
985	1713.84
986	1711.09
987	1709.38
988	1707.20
989	1704.73
990	1701.19
991	1697.98
992	1694.97
993	1692.09
994	1688.17
995	1684.69
996	1680.79
997	1676.50
998	1672.54
999	1669.18
0	1666.24
1	1662.55
2	1658.77
3	1654.95
4	1652.20
5	1650.08
6	1647.51
7	1645.53
8	1642.78
9	1639.88
10	1637.63
11	1635.60
12	1631.83
13	1628.43
14	1623.93
15	1620.33
16	1616.15
17	1611.97
18	1607.92
19	1604.00
20	1601.58
21	1597.84
22	1594.56
23	1592.32
24	1589.28
25	1587.02
26	1584.43
27	1580.66
28	1577.13
29	1573.20
30	1568.93
31	1565.01
32	1560.03
33	1556.44
34	1552.66
35	1548.92
36	1545.26
37	1541.80
38	1537.81
39	1534.92
40	1532.77
41	1531.28
42	1532.16
43	1535.90
44	1541.38
45	1548.31
46	1555.68
47	1563.08
48	1569.81
49	1577.89
50	1586.17
51	1594.58
52	1602.47
53	1610.02
54	1617.35
55	1624.95
56	1632.55
57	1639.46
58	1645.71
59	1651.98
60	1658.09
61	1664.39
62	1669.80
63	1674.66
64	1680.02
65	1685.21
66	1690.37
67	1694.69
68	1699.13
69	1703.24
70	1706.89
71	1711.04
72	1714.42
73	1717.54
74	1718.70
75	1718.74
76	1718.09
77	1716.71
78	1714.67
79	1711.19
80	1707.55
81	1703.20
82	1698.21
83	1692.43
84	1687.69
85	1683.26
86	1678.36
87	1673.80
88	1669.08
89	1664.23
90	1659.81
91	1655.13
92	1650.84
93	1646.23
94	1642.06
95	1637.51
96	1632.58
97	1627.03
98	1622.33
99	1617.06
100	1611.85
101	1607.20
102	1602.32
103	1596.53
104	1591.37
105	1586.28
106	1581.29
107	1575.97
108	1571.58
109	1567.34
110	1563.64
111	1559.90
112	1556.98
113	1552.99
114	1550.51
115	1547.70
116	1544.53
117	1542.14
118	1539.51
119	1536.16
120	1534.13
121	1532.46
122	1531.08
123	1529.20
124	1527.61
125	1525.68
126	1523.61
127	1522.87
128	1523.51
129	1526.22
130	1529.74
131	1535.01
132	1541.73
133	1548.70
134	1556.53
135	1564.92
136	1572.94
137	1581.52
138	1589.00
139	1596.57
140	1604.11
141	1611.97
142	1620.69
143	1629.17
144	1636.88
145	1643.36
146	1649.88
147	1655.30
148	1661.13
149	1665.27
150	1670.53
151	1675.15
152	1679.34
153	1683.97
154	1688.75
155	1693.24
156	1698.06
157	1701.28
158	1704.37
159	1706.31
160	1708.02
161	1708.31
162	1707.56
163	1706.34
164	1704.61
165	1702.83
166	1700.72
167	1697.83
168	1694.21
169	1691.08
170	1687.28
171	1682.97
172	1677.98
173	1672.25
174	1666.28
175	1661.01
176	1654.85
177	1649.53
178	1645.19
179	1641.12
180	1636.50
181	1632.52
182	1628.17
183	1623.62
184	1619.75
185	1615.62
186	1611.42
187	1607.29
188	1603.17
189	1599.31
190	1595.68
191	1592.14
192	1588.42
193	1583.93
194	1579.09
195	1574.59
196	1570.12
197	1567.12
198	1563.36
199	1559.95
200	1555.97
201	1552.85
202	1551.24
203	1549.41
204	1546.99
205	1545.23
206	1543.50
207	1542.70
208	1540.23
209	1538.23
210	1536.63
211	1535.28
212	1533.43
213	1532.68
214	1532.38
215	1531.33
216	1530.39
217	1528.44
218	1527.26
219	1526.10
220	1524.90
221	1524.02
222	1525.15
223	1527.81
224	1531.26
225	1535.25
226	1538.89
227	1542.76
228	1547.63
229	1553.13
230	1559.13
231	1565.12
232	1571.36
233	1578.11
234	1584.22
235	1590.89
236	1597.14
237	1603.45
238	1610.47
239	1616.27
240	1621.85
241	1627.40
242	1632.77
243	1637.19
244	1641.92
245	1645.92
246	1650.90
247	1656.25
248	1661.39
249	1666.65
250	1672.58
251	1678.08
252	1682.79
253	1687.32
254	1692.75
255	1697.49
256	1700.95
257	1703.84
258	1705.39
259	1705.95
260	1705.51
261	1704.54
262	1702.08
263	1699.33
264	1695.59
265	1691.68
266	1687.22
267	1683.14
268	1678.60
269	1674.47
270	1670.41
271	1667.05
272	1663.27
273	1659.73
274	1656.24
275	1652.06
276	1648.38
277	1644.76
278	1641.59
279	1638.62
280	1636.39
281	1633.43
282	1630.34
283	1627.96
284	1624.85
285	1621.72
286	1618.26
287	1614.96
288	1611.83
289	1609.03
290	1606.18
291	1602.27
292	1599.18
293	1595.80
294	1593.58